Taiyuan 1996 12 16 0950 6.0
Taiyuan 2009 04 09 0750 10.0
Taiyuan 2010 04 26 1450 17.0
Taiyuan 2010 08 02 1350 20.0
Taiyuan 2013 05 15 0850 9.0
Chongqing 1973 01 04 1600 9.0
Chongqing 1980 09 30 2000 12.0
Chongqing 1980 10 07 0500 7.0
Beijing 1950 09 28 0400 13.5
Beijing 1950 10 02 0800 11.3
Beijing 1950 10 06 1200 15.2
Beijing 1950 10 10 1600 12.4
Beijing 1950 10 14 2000 9.1
Lanzhou 1929 08 15 0700 11.1
Lanzhou 1929 09 09 0700 16.1
Lanzhou 1929 10 04 0700 5.6
Urumqi 1943 11 09 1700 6.3
Urumqi 1943 11 29 1700 4.6
Urumqi 1943 12 19 1700 3.5
Urumqi 1944 01 08 1700 8.0